754310.344828 -502873.563218 215517.241379 -172413.793103 -114942.528736 272988.505747 -28735.632184 0.000000 0.000000 -79022.988506 215517.241379 -172413.793103 -158045.977011 143678.160920 -14367.816092 64655.172414 172413.793103 -215517.241379 -222701.149425 -57471.264368 43103.448276 0.000000 0.000000 0.000000 0.000000 0.000000 0.000000 0.000000 0.000000 0.000000 0.000000 0.000000 0.000000 0.000000 0.000000 0.000000
-502873.563218 754310.344828 -71839.080460 114942.528736 114942.528736 -258620.689655 0.000000 -28735.632184 -14367.816092 215517.241379 -366379.310345 57471.264368 143678.160920 -158045.977011 14367.816092 -172413.793103 -79022.988506 86206.896552 57471.264368 -79022.988506 57471.264368 0.000000 0.000000 0.000000 0.000000 0.000000 0.000000 0.000000 0.000000 0.000000 0.000000 0.000000 0.000000 0.000000 0.000000 0.000000
215517.241379 -71839.080460 610632.183908 158045.977011 -28735.632184 -172413.793103 0.000000 -129310.344828 -28735.632184 172413.793103 -57471.264368 -222701.149425 -129310.344828 129310.344828 -14367.816092 -215517.241379 201149.425287 -222701.149425 -186781.609195 -57471.264368 64655.172414 0.000000 0.000000 0.000000 0.000000 0.000000 0.000000 0.000000 0.000000 0.000000 0.000000 0.000000 0.000000 0.000000 0.000000 0.000000
-172413.793103 114942.528736 158045.977011 610632.183908 -215517.241379 -71839.080460 -366379.310345 229885.057471 71839.080460 258620.689655 -143678.160920 -143678.160920 0.000000 0.000000 0.000000 -158045.977011 0.000000 14367.816092 0.000000 0.000000 0.000000 0.000000 0.000000 0.000000 0.000000 0.000000 0.000000 0.000000 0.000000 0.000000 0.000000 0.000000 0.000000 0.000000 0.000000 0.000000
-114942.528736 114942.528736 -28735.632184 -215517.241379 466954.022989 -215517.241379 344827.586207 -366379.310345 -43103.448276 -143678.160920 -28735.632184 143678.160920 0.000000 0.000000 0.000000 0.000000 -14367.816092 0.000000 0.000000 0.000000 0.000000 0.000000 0.000000 0.000000 0.000000 0.000000 0.000000 0.000000 0.000000 0.000000 0.000000 0.000000 0.000000 0.000000 0.000000 0.000000
272988.505747 -258620.689655 -172413.793103 -71839.080460 -215517.241379 466954.022989 71839.080460 186781.609195 -79022.988506 -143678.160920 143678.160920 -28735.632184 0.000000 0.000000 0.000000 129310.344828 0.000000 -14367.816092 0.000000 0.000000 0.000000 0.000000 0.000000 0.000000 0.000000 0.000000 0.000000 0.000000 0.000000 0.000000 0.000000 0.000000 0.000000 0.000000 0.000000 0.000000
-28735.632184 0.000000 0.000000 -366379.310345 344827.586207 71839.080460 1616379.310345 -502873.563218 -502873.563218 -459770.114943 14367.816092 402298.850575 0.000000 0.000000 0.000000 0.000000 0.000000 0.000000 -14367.816092 14367.816092 0.000000 0.000000 0.000000 0.000000 0.000000 0.000000 0.000000 0.000000 0.000000 0.000000 0.000000 0.000000 0.000000 0.000000 0.000000 0.000000
0.000000 -28735.632184 -129310.344828 229885.057471 -366379.310345 186781.609195 -502873.563218 754310.344828 71839.080460 129310.344828 -172413.793103 0.000000 0.000000 0.000000 0.000000 0.000000 0.000000 0.000000 129310.344828 -158045.977011 0.000000 0.000000 0.000000 0.000000 0.000000 0.000000 0.000000 0.000000 0.000000 0.000000 0.000000 0.000000 0.000000 0.000000 0.000000 0.000000
0.000000 -14367.816092 -28735.632184 71839.080460 -43103.448276 -79022.988506 -502873.563218 71839.080460 323275.862069 172413.793103 0.000000 -172413.793103 0.000000 0.000000 0.000000 0.000000 0.000000 0.000000 0.000000 0.000000 -14367.816092 0.000000 0.000000 0.000000 0.000000 0.000000 0.000000 0.000000 0.000000 0.000000 0.000000 0.000000 0.000000 0.000000 0.000000 0.000000
-79022.988506 215517.241379 172413.793103 258620.689655 -143678.160920 -143678.160920 -459770.114943 129310.344828 172413.793103 610632.183908 -215517.241379 -215517.241379 0.000000 0.000000 0.000000 -79022.988506 -43103.448276 -57471.264368 -510057.471264 57471.264368 215517.241379 129310.344828 0.000000 -129310.344828 0.000000 0.000000 0.000000 0.000000 0.000000 0.000000 0.000000 0.000000 0.000000 0.000000 0.000000 0.000000
215517.241379 -366379.310345 -57471.264368 -143678.160920 -28735.632184 143678.160920 14367.816092 -172413.793103 0.000000 -215517.241379 466954.022989 -71839.080460 0.000000 0.000000 0.000000 186781.609195 -79022.988506 57471.264368 -57471.264368 208333.333333 -71839.080460 0.000000 -14367.816092 0.000000 0.000000 0.000000 0.000000 0.000000 0.000000 0.000000 0.000000 0.000000 0.000000 0.000000 0.000000 0.000000
-172413.793103 57471.264368 -222701.149425 -143678.160920 143678.160920 -28735.632184 402298.850575 0.000000 -172413.793103 -215517.241379 -71839.080460 466954.022989 0.000000 0.000000 0.000000 57471.264368 -57471.264368 64655.172414 215517.241379 -71839.080460 -79022.988506 -14367.816092 0.000000 -14367.816092 0.000000 0.000000 0.000000 0.000000 0.000000 0.000000 0.000000 0.000000 0.000000 0.000000 0.000000 0.000000
-158045.977011 143678.160920 -129310.344828 0.000000 0.000000 0.000000 0.000000 0.000000 0.000000 0.000000 0.000000 0.000000 754310.344828 -502873.563218 215517.241379 -172413.793103 -114942.528736 272988.505747 -28735.632184 -0.000000 0.000000 -79022.988506 215517.241379 -172413.793103 -158045.977011 143678.160920 -14367.816092 64655.172414 172413.793103 -215517.241379 -222701.149425 -57471.264368 43103.448276 0.000000 0.000000 0.000000
143678.160920 -158045.977011 129310.344828 0.000000 0.000000 0.000000 0.000000 0.000000 0.000000 0.000000 0.000000 0.000000 -502873.563218 754310.344828 -71839.080460 114942.528736 114942.528736 -258620.689655 -0.000000 -28735.632184 -14367.816092 215517.241379 -366379.310345 57471.264368 143678.160920 -158045.977011 14367.816092 -172413.793103 -79022.988506 86206.896552 57471.264368 -79022.988506 57471.264368 0.000000 0.000000 0.000000
-14367.816092 14367.816092 -14367.816092 0.000000 0.000000 0.000000 0.000000 0.000000 0.000000 0.000000 0.000000 0.000000 215517.241379 -71839.080460 610632.183908 158045.977011 -28735.632184 -172413.793103 0.000000 -129310.344828 -28735.632184 172413.793103 -57471.264368 -222701.149425 -129310.344828 129310.344828 -14367.816092 -215517.241379 201149.425287 -222701.149425 -186781.609195 -57471.264368 64655.172414 0.000000 0.000000 0.000000
64655.172414 -172413.793103 -215517.241379 -158045.977011 0.000000 129310.344828 0.000000 0.000000 0.000000 -79022.988506 186781.609195 57471.264368 -172413.793103 114942.528736 158045.977011 610632.183908 -215517.241379 -71839.080460 -366379.310345 229885.057471 71839.080460 258620.689655 -143678.160920 -143678.160920 0.000000 0.000000 0.000000 -158045.977011 0.000000 14367.816092 0.000000 0.000000 0.000000 0.000000 0.000000 0.000000
172413.793103 -79022.988506 201149.425287 0.000000 -14367.816092 0.000000 0.000000 0.000000 0.000000 -43103.448276 -79022.988506 -57471.264368 -114942.528736 114942.528736 -28735.632184 -215517.241379 466954.022989 -215517.241379 344827.586207 -366379.310345 -43103.448276 -143678.160920 -28735.632184 143678.160920 0.000000 0.000000 0.000000 0.000000 -14367.816092 0.000000 0.000000 0.000000 0.000000 0.000000 0.000000 0.000000
-215517.241379 86206.896552 -222701.149425 14367.816092 0.000000 -14367.816092 0.000000 0.000000 0.000000 -57471.264368 57471.264368 64655.172414 272988.505747 -258620.689655 -172413.793103 -71839.080460 -215517.241379 466954.022989 71839.080460 186781.609195 -79022.988506 -143678.160920 143678.160920 -28735.632184 0.000000 0.000000 0.000000 129310.344828 0.000000 -14367.816092 0.000000 0.000000 0.000000 0.000000 0.000000 0.000000
-222701.149425 57471.264368 -186781.609195 0.000000 0.000000 0.000000 -14367.816092 129310.344828 0.000000 -510057.471264 -57471.264368 215517.241379 -28735.632184 -0.000000 0.000000 -366379.310345 344827.586207 71839.080460 1616379.310345 -502873.563218 -502873.563218 -459770.114943 14367.816092 402298.850575 0.000000 0.000000 0.000000 0.000000 0.000000 0.000000 -14367.816092 14367.816092 0.000000 0.000000 0.000000 0.000000
-57471.264368 -79022.988506 -57471.264368 0.000000 0.000000 0.000000 14367.816092 -158045.977011 0.000000 57471.264368 208333.333333 -71839.080460 0.000000 -28735.632184 -129310.344828 229885.057471 -366379.310345 186781.609195 -502873.563218 754310.344828 71839.080460 129310.344828 -172413.793103 -0.000000 0.000000 0.000000 0.000000 0.000000 0.000000 0.000000 129310.344828 -158045.977011 0.000000 0.000000 0.000000 0.000000
43103.448276 57471.264368 64655.172414 0.000000 0.000000 0.000000 0.000000 0.000000 -14367.816092 215517.241379 -71839.080460 -79022.988506 0.000000 -14367.816092 -28735.632184 71839.080460 -43103.448276 -79022.988506 -502873.563218 71839.080460 323275.862069 172413.793103 0.000000 -172413.793103 0.000000 0.000000 0.000000 0.000000 0.000000 0.000000 0.000000 0.000000 -14367.816092 0.000000 0.000000 0.000000
0.000000 0.000000 0.000000 0.000000 0.000000 0.000000 0.000000 0.000000 0.000000 129310.344828 0.000000 -14367.816092 -79022.988506 215517.241379 172413.793103 258620.689655 -143678.160920 -143678.160920 -459770.114943 129310.344828 172413.793103 610632.183908 -215517.241379 -215517.241379 0.000000 0.000000 0.000000 -79022.988506 -43103.448276 -57471.264368 -510057.471264 57471.264368 215517.241379 129310.344828 0.000000 -129310.344828
0.000000 0.000000 0.000000 0.000000 0.000000 0.000000 0.000000 0.000000 0.000000 0.000000 -14367.816092 0.000000 215517.241379 -366379.310345 -57471.264368 -143678.160920 -28735.632184 143678.160920 14367.816092 -172413.793103 0.000000 -215517.241379 466954.022989 -71839.080460 0.000000 0.000000 0.000000 186781.609195 -79022.988506 57471.264368 -57471.264368 208333.333333 -71839.080460 0.000000 -14367.816092 0.000000
0.000000 0.000000 0.000000 0.000000 0.000000 0.000000 0.000000 0.000000 0.000000 -129310.344828 0.000000 -14367.816092 -172413.793103 57471.264368 -222701.149425 -143678.160920 143678.160920 -28735.632184 402298.850575 0.000000 -172413.793103 -215517.241379 -71839.080460 466954.022989 0.000000 0.000000 0.000000 57471.264368 -57471.264368 64655.172414 215517.241379 -71839.080460 -79022.988506 -14367.816092 0.000000 -14367.816092
0.000000 0.000000 0.000000 0.000000 0.000000 0.000000 0.000000 0.000000 0.000000 0.000000 0.000000 0.000000 -158045.977011 143678.160920 -129310.344828 0.000000 0.000000 0.000000 0.000000 0.000000 0.000000 0.000000 0.000000 0.000000 186781.609195 -143678.160920 0.000000 -14367.816092 -129310.344828 129310.344828 -14367.816092 129310.344828 0.000000 0.000000 0.000000 0.000000
0.000000 0.000000 0.000000 0.000000 0.000000 0.000000 0.000000 0.000000 0.000000 0.000000 0.000000 0.000000 143678.160920 -158045.977011 129310.344828 0.000000 0.000000 0.000000 0.000000 0.000000 0.000000 0.000000 0.000000 0.000000 -143678.160920 186781.609195 0.000000 -14367.816092 129310.344828 -129310.344828 14367.816092 -158045.977011 0.000000 0.000000 0.000000 0.000000
0.000000 0.000000 0.000000 0.000000 0.000000 0.000000 0.000000 0.000000 0.000000 0.000000 0.000000 0.000000 -14367.816092 14367.816092 -14367.816092 0.000000 0.000000 0.000000 0.000000 0.000000 0.000000 0.000000 0.000000 0.000000 0.000000 0.000000 43103.448276 14367.816092 -14367.816092 -14367.816092 0.000000 0.000000 -14367.816092 0.000000 0.000000 0.000000
0.000000 0.000000 0.000000 0.000000 0.000000 0.000000 0.000000 0.000000 0.000000 0.000000 0.000000 0.000000 64655.172414 -172413.793103 -215517.241379 -158045.977011 0.000000 129310.344828 0.000000 0.000000 0.000000 -79022.988506 186781.609195 57471.264368 -14367.816092 -14367.816092 14367.816092 423850.574713 -215517.241379 71839.080460 -366379.310345 229885.057471 71839.080460 129310.344828 -14367.816092 -129310.344828
0.000000 0.000000 0.000000 0.000000 0.000000 0.000000 0.000000 0.000000 0.000000 0.000000 0.000000 0.000000 172413.793103 -79022.988506 201149.425287 0.000000 -14367.816092 0.000000 0.000000 0.000000 0.000000 -43103.448276 -79022.988506 -57471.264368 -129310.344828 129310.344828 -14367.816092 -215517.241379 423850.574713 -215517.241379 344827.586207 -366379.310345 -43103.448276 -129310.344828 -14367.816092 129310.344828
0.000000 0.000000 0.000000 0.000000 0.000000 0.000000 0.000000 0.000000 0.000000 0.000000 0.000000 0.000000 -215517.241379 86206.896552 -222701.149425 14367.816092 0.000000 -14367.816092 0.000000 0.000000 0.000000 -57471.264368 57471.264368 64655.172414 129310.344828 -129310.344828 -14367.816092 71839.080460 -215517.241379 280172.413793 71839.080460 186781.609195 -79022.988506 -14367.816092 14367.816092 -14367.816092
0.000000 0.000000 0.000000 0.000000 0.000000 0.000000 0.000000 0.000000 0.000000 0.000000 0.000000 0.000000 -222701.149425 57471.264368 -186781.609195 0.000000 0.000000 0.000000 -14367.816092 129310.344828 0.000000 -510057.471264 -57471.264368 215517.241379 -14367.816092 14367.816092 0.000000 -366379.310345 344827.586207 71839.080460 1573275.862069 -502873.563218 -502873.563218 -445402.298851 14367.816092 402298.850575
0.000000 0.000000 0.000000 0.000000 0.000000 0.000000 0.000000 0.000000 0.000000 0.000000 0.000000 0.000000 -57471.264368 -79022.988506 -57471.264368 0.000000 0.000000 0.000000 14367.816092 -158045.977011 0.000000 57471.264368 208333.333333 -71839.080460 129310.344828 -158045.977011 0.000000 229885.057471 -366379.310345 186781.609195 -502873.563218 567528.735632 71839.080460 129310.344828 -14367.816092 -129310.344828
0.000000 0.000000 0.000000 0.000000 0.000000 0.000000 0.000000 0.000000 0.000000 0.000000 0.000000 0.000000 43103.448276 57471.264368 64655.172414 0.000000 0.000000 0.000000 0.000000 0.000000 -14367.816092 215517.241379 -71839.080460 -79022.988506 0.000000 0.000000 -14367.816092 71839.080460 -43103.448276 -79022.988506 -502873.563218 71839.080460 280172.413793 172413.793103 -14367.816092 -158045.977011
0.000000 0.000000 0.000000 0.000000 0.000000 0.000000 0.000000 0.000000 0.000000 0.000000 0.000000 0.000000 0.000000 0.000000 0.000000 0.000000 0.000000 0.000000 0.000000 0.000000 0.000000 129310.344828 0.000000 -14367.816092 0.000000 0.000000 0.000000 129310.344828 -129310.344828 -14367.816092 -445402.298851 129310.344828 172413.793103 186781.609195 0.000000 -143678.160920
0.000000 0.000000 0.000000 0.000000 0.000000 0.000000 0.000000 0.000000 0.000000 0.000000 0.000000 0.000000 0.000000 0.000000 0.000000 0.000000 0.000000 0.000000 0.000000 0.000000 0.000000 0.000000 -14367.816092 0.000000 0.000000 0.000000 0.000000 -14367.816092 -14367.816092 14367.816092 14367.816092 -14367.816092 -14367.816092 0.000000 43103.448276 0.000000
0.000000 0.000000 0.000000 0.000000 0.000000 0.000000 0.000000 0.000000 0.000000 0.000000 0.000000 0.000000 0.000000 0.000000 0.000000 0.000000 0.000000 0.000000 0.000000 0.000000 0.000000 -129310.344828 0.000000 -14367.816092 0.000000 0.000000 0.000000 -129310.344828 129310.344828 -14367.816092 402298.850575 -129310.344828 -158045.977011 -143678.160920 0.000000 186781.609195
